SARS-CoV-2_400_1_LEFT	1	1	0	1.06	0.6184965477000874
SARS-CoV-2_400_1_LEFT_alt	1	1	1	1.6479166666666667	0.9615384615384613
SARS-CoV-2_400_1_RIGHT	1	1	0	1.06	0.6184965477000874
SARS-CoV-2_400_1_RIGHT_alt	1	1	1	1.6479166666666667	0.9615384615384613
SARS-CoV-2_400_10_LEFT	2	10	0	1.08	0.6598072507522108
SARS-CoV-2_400_10_RIGHT	2	10	0	1.08	0.6598072507522108
SARS-CoV-2_400_11_LEFT	1	11	0	1.22	0.7118545171642515
SARS-CoV-2_400_11_RIGHT	1	11	0	1.22	0.7118545171642515
SARS-CoV-2_400_12_LEFT	2	12	0	1.4	0.8553056954195325
SARS-CoV-2_400_12_RIGHT	2	12	0	1.4	0.8553056954195325
SARS-CoV-2_400_13_LEFT	1	13	0	1.575	0.9189925119128657
SARS-CoV-2_400_13_RIGHT	1	13	0	1.575	0.9189925119128657
SARS-CoV-2_400_14_LEFT	2	14	0	3.835	2.342926672809934
SARS-CoV-2_400_14_RIGHT	2	14	0	3.835	2.342926672809934
SARS-CoV-2_400_15_LEFT	1	15	0	3.19	1.8613245161917724
SARS-CoV-2_400_15_RIGHT	1	15	0	3.19	1.8613245161917724
SARS-CoV-2_400_16_LEFT	2	16	0	2.815	1.7197753804328457
SARS-CoV-2_400_16_RIGHT	2	16	0	2.815	1.7197753804328457
SARS-CoV-2_400_17_LEFT	1	17	0	1.195	0.697267334435476
SARS-CoV-2_400_17_RIGHT	1	17	0	1.195	0.697267334435476
SARS-CoV-2_400_18_LEFT	2	18	0	1.35	0.8247590634402635
SARS-CoV-2_400_18_RIGHT	2	18	0	1.35	0.8247590634402635
SARS-CoV-2_400_19_LEFT	1	19	0	1.3	0.7585335018963336
SARS-CoV-2_400_19_RIGHT	1	19	0	1.3	0.7585335018963336
SARS-CoV-2_400_2_LEFT	2	2	0	1.42	0.86752434821124
SARS-CoV-2_400_2_RIGHT	2	2	0	1.42	0.86752434821124
SARS-CoV-2_400_20_LEFT	2	20	0	1.49	0.9102896329822168
SARS-CoV-2_400_20_RIGHT	2	20	0	1.49	0.9102896329822168
SARS-CoV-2_400_21_LEFT	1	21	0	1.895	1.105708450841194
SARS-CoV-2_400_21_RIGHT	1	21	0	1.895	1.105708450841194
SARS-CoV-2_400_22_LEFT	2	22	0	1.485	0.9072349697842899
SARS-CoV-2_400_22_RIGHT	2	22	0	1.485	0.9072349697842899
SARS-CoV-2_400_23_LEFT	1	23	0	1.885	1.0998735777496838
SARS-CoV-2_400_23_RIGHT	1	23	0	1.885	1.0998735777496838
SARS-CoV-2_400_24_LEFT	2	24	0	1.94	1.1852093207956378
SARS-CoV-2_400_24_RIGHT	2	24	0	1.94	1.1852093207956378
SARS-CoV-2_400_25_LEFT	1	25	0	1.415	0.8256345424487016
SARS-CoV-2_400_25_RIGHT	1	25	0	1.415	0.8256345424487016
SARS-CoV-2_400_26_LEFT	2	26	0	5.05	3.0852098299061708
SARS-CoV-2_400_26_RIGHT	2	26	0	5.05	3.0852098299061708
SARS-CoV-2_400_27_LEFT	1	27	0	2.715	1.5841680443450352
SARS-CoV-2_400_27_RIGHT	1	27	0	2.715	1.5841680443450352
SARS-CoV-2_400_28_LEFT	2	28	0	1.17	0.714791188314895
SARS-CoV-2_400_28_RIGHT	2	28	0	1.17	0.714791188314895
SARS-CoV-2_400_29_LEFT	1	29	0	1.165	0.6797627151609451
SARS-CoV-2_400_29_RIGHT	1	29	0	1.165	0.6797627151609451
SARS-CoV-2_400_3_LEFT	1	3	0	1.19	0.6943498978897208
SARS-CoV-2_400_3_LEFT_alt	1	3	1	1.6479166666666667	0.9615384615384613
SARS-CoV-2_400_3_RIGHT	1	3	0	1.19	0.6943498978897208
SARS-CoV-2_400_30_LEFT	2	30	0	1.105	0.6750805667418452
SARS-CoV-2_400_30_RIGHT	2	30	0	1.105	0.6750805667418452
SARS-CoV-2_400_31_LEFT	1	31	0	1.865	1.0882038315666633
SARS-CoV-2_400_31_LEFT_alt	1	31	1	1.6479166666666667	0.9615384615384613
SARS-CoV-2_400_31_RIGHT	1	31	0	1.865	1.0882038315666633
SARS-CoV-2_400_32_LEFT	2	32	0	1.905	1.1638266784101496
SARS-CoV-2_400_32_RIGHT	2	32	0	1.905	1.1638266784101496
SARS-CoV-2_400_33_LEFT	1	33	0	1	0.5834873091510259
SARS-CoV-2_400_33_RIGHT	1	33	0	1	0.5834873091510259
SARS-CoV-2_400_34_LEFT	2	34	0	2.41	1.4723476614007667
SARS-CoV-2_400_34_RIGHT	2	34	0	2.41	1.4723476614007667
SARS-CoV-2_400_35_LEFT	1	35	0	1.64	0.9569191870076824
SARS-CoV-2_400_35_RIGHT	1	35	0	1.64	0.9569191870076824
SARS-CoV-2_400_36_LEFT	2	36	0	1.53	0.9347269385656319
SARS-CoV-2_400_36_RIGHT	2	36	0	1.53	0.9347269385656319
SARS-CoV-2_400_37_LEFT	1	37	0	1.01	0.5893221822425362
SARS-CoV-2_400_37_RIGHT	1	37	0	1.01	0.5893221822425362
SARS-CoV-2_400_38_LEFT	2	38	0	1.085	0.6628619139501377
SARS-CoV-2_400_38_RIGHT	2	38	0	1.085	0.6628619139501377
SARS-CoV-2_400_39_LEFT	1	39	0	1.615	0.9423320042789067
SARS-CoV-2_400_39_RIGHT	1	39	0	1.615	0.9423320042789067
SARS-CoV-2_400_4_LEFT	2	4	0	1.085	0.6628619139501377
SARS-CoV-2_400_4_RIGHT	2	4	0	1.085	0.6628619139501377
SARS-CoV-2_400_40_LEFT	2	40	0	2.03	1.240193258358322
SARS-CoV-2_400_40_RIGHT	2	40	0	2.03	1.240193258358322
SARS-CoV-2_400_41_LEFT	1	41	0	1.025	0.5980744918798014
SARS-CoV-2_400_41_RIGHT	1	41	0	1.025	0.5980744918798014
SARS-CoV-2_400_42_LEFT	2	42	0	1.195	0.7300645043045295
SARS-CoV-2_400_42_RIGHT	2	42	0	1.195	0.7300645043045295
SARS-CoV-2_400_43_LEFT	1	43	0	1.97	1.149469999027521
SARS-CoV-2_400_43_RIGHT	1	43	0	1.97	1.149469999027521
SARS-CoV-2_400_44_LEFT	2	44	0	1.11	0.6781352299397723
SARS-CoV-2_400_44_RIGHT	2	44	0	1.11	0.6781352299397723
SARS-CoV-2_400_45_LEFT	1	45	0	1.405	0.8197996693571914
SARS-CoV-2_400_45_RIGHT	1	45	0	1.405	0.8197996693571914
SARS-CoV-2_400_46_LEFT	2	46	0	1.155	0.7056271987211143
SARS-CoV-2_400_46_RIGHT	2	46	0	1.155	0.7056271987211143
SARS-CoV-2_400_47_LEFT	1	47	0	1.085	0.633083730428863
SARS-CoV-2_400_47_RIGHT	1	47	0	1.085	0.633083730428863
SARS-CoV-2_400_48_LEFT	2	48	0	1.425	0.870579011409167
SARS-CoV-2_400_48_RIGHT	2	48	0	1.425	0.870579011409167
SARS-CoV-2_400_49_LEFT	1	49	0	1.265	0.7381114460760476
SARS-CoV-2_400_49_RIGHT	1	49	0	1.265	0.7381114460760476
SARS-CoV-2_400_5_LEFT	1	5	0	1.22	0.7118545171642515
SARS-CoV-2_400_5_RIGHT	1	5	0	1.22	0.7118545171642515
SARS-CoV-2_400_50_LEFT	2	50	0	1.29	0.7881031050651407
SARS-CoV-2_400_50_RIGHT	2	50	0	1.29	0.7881031050651407
SARS-CoV-2_400_51_LEFT	1	51	0	1.195	0.697267334435476
SARS-CoV-2_400_51_RIGHT	1	51	0	1.195	0.697267334435476
SARS-CoV-2_400_52_LEFT	2	52	0	2.175	1.3287784910982021
SARS-CoV-2_400_52_RIGHT	2	52	0	2.175	1.3287784910982021
SARS-CoV-2_400_53_LEFT	1	53	0	1.125	0.6564232227949041
SARS-CoV-2_400_53_RIGHT	1	53	0	1.125	0.6564232227949041
SARS-CoV-2_400_54_LEFT	2	54	0	1.15	0.7025725355231873
SARS-CoV-2_400_54_LEFT_alt	2	54	1	1.5891666666666666	0.9708737864077669
SARS-CoV-2_400_54_RIGHT	2	54	0	1.15	0.7025725355231873
SARS-CoV-2_400_54_RIGHT_alt	2	54	1	1.5891666666666666	0.9708737864077669
SARS-CoV-2_400_55_LEFT	1	55	0	1.065	0.6214139842458425
SARS-CoV-2_400_55_RIGHT	1	55	0	1.065	0.6214139842458425
SARS-CoV-2_400_56_LEFT	2	56	0	1.135	0.6934085459294067
SARS-CoV-2_400_56_RIGHT	2	56	0	1.135	0.6934085459294067
SARS-CoV-2_400_57_LEFT	1	57	0	1.155	0.6739278420694349
SARS-CoV-2_400_57_RIGHT	1	57	0	1.155	0.6739278420694349
SARS-CoV-2_400_58_LEFT	2	58	0	1	0.6109326395853804
SARS-CoV-2_400_58_RIGHT	2	58	0	1	0.6109326395853804
SARS-CoV-2_400_59_LEFT	1	59	0	1.31	0.7643683749878439
SARS-CoV-2_400_59_RIGHT	1	59	0	1.31	0.7643683749878439
SARS-CoV-2_400_6_LEFT	2	6	0	1.33	0.8125404106485559
SARS-CoV-2_400_6_LEFT_alt	2	6	1	1.5891666666666666	0.9708737864077669
SARS-CoV-2_400_6_RIGHT	2	6	0	1.33	0.8125404106485559
SARS-CoV-2_400_6_RIGHT_alt	2	6	1	1.5891666666666666	0.9708737864077669
SARS-CoV-2_400_60_LEFT	2	60	0	1.07	0.653697924356357
SARS-CoV-2_400_60_RIGHT	2	60	0	1.07	0.653697924356357
SARS-CoV-2_400_61_LEFT	1	61	0	2.21	1.289506953223767
SARS-CoV-2_400_61_RIGHT	1	61	0	2.21	1.289506953223767
SARS-CoV-2_400_62_LEFT	2	62	0	2.82	1.7228300436307724
SARS-CoV-2_400_62_RIGHT	2	62	0	2.82	1.7228300436307724
SARS-CoV-2_400_63_LEFT	1	63	0	1.115	0.6505883497033939
SARS-CoV-2_400_63_RIGHT	1	63	0	1.115	0.6505883497033939
SARS-CoV-2_400_64_LEFT	2	64	0	1.465	0.8950163169925822
SARS-CoV-2_400_64_RIGHT	2	64	0	1.465	0.8950163169925822
SARS-CoV-2_400_65_LEFT	1	65	0	3.095	1.805893221822425
SARS-CoV-2_400_65_RIGHT	1	65	0	3.095	1.805893221822425
SARS-CoV-2_400_66_LEFT	2	66	0	1.16	0.7086818619190411
SARS-CoV-2_400_66_RIGHT	2	66	0	1.16	0.7086818619190411
SARS-CoV-2_400_67_LEFT	1	67	0	1.45	0.8460565982689875
SARS-CoV-2_400_67_LEFT_alt	1	67	1	1.6479166666666667	0.9615384615384613
SARS-CoV-2_400_67_RIGHT	1	67	0	1.45	0.8460565982689875
SARS-CoV-2_400_67_RIGHT_alt	1	67	1	1.6479166666666667	0.9615384615384613
SARS-CoV-2_400_68_LEFT	2	68	0	1.535	0.9377816017635588
SARS-CoV-2_400_68_RIGHT	2	68	0	1.535	0.9377816017635588
SARS-CoV-2_400_69_LEFT	1	69	0	1.785	1.041524846834581
SARS-CoV-2_400_69_RIGHT	1	69	0	1.785	1.041524846834581
SARS-CoV-2_400_7_LEFT	1	7	0	1.105	0.6447534766118835
SARS-CoV-2_400_7_RIGHT	1	7	0	1.105	0.6447534766118835
SARS-CoV-2_400_70_LEFT	2	70	0	1.26	0.7697751258775792
SARS-CoV-2_400_70_RIGHT	2	70	0	1.26	0.7697751258775792
SARS-CoV-2_400_71_LEFT	1	71	0	1.905	1.1115433239327044
SARS-CoV-2_400_71_RIGHT	1	71	0	1.905	1.1115433239327044
SARS-CoV-2_400_72_LEFT	2	72	0	1.45	0.8858523273988015
SARS-CoV-2_400_72_RIGHT	2	72	0	1.45	0.8858523273988015
SARS-CoV-2_400_73_LEFT	1	73	0	1.72	1.0035981717397644
SARS-CoV-2_400_73_RIGHT	1	73	0	1.72	1.0035981717397644
SARS-CoV-2_400_74_LEFT	2	74	0	1.08	0.6598072507522108
SARS-CoV-2_400_74_RIGHT	2	74	0	1.08	0.6598072507522108
SARS-CoV-2_400_75_LEFT	1	75	0	1.09	0.6360011669746183
SARS-CoV-2_400_75_RIGHT	1	75	0	1.09	0.6360011669746183
SARS-CoV-2_400_76_LEFT	2	76	0	1.415	0.8644696850133132
SARS-CoV-2_400_76_RIGHT	2	76	0	1.415	0.8644696850133132
SARS-CoV-2_400_77_LEFT	1	77	0	1.265	0.7381114460760476
SARS-CoV-2_400_77_RIGHT	1	77	0	1.265	0.7381114460760476
SARS-CoV-2_400_78_LEFT	2	78	0	1.65	1.0080388553158774
SARS-CoV-2_400_78_RIGHT	2	78	0	1.65	1.0080388553158774
SARS-CoV-2_400_79_LEFT	1	79	0	1.315	0.767285811533599
SARS-CoV-2_400_79_RIGHT	1	79	0	1.315	0.767285811533599
SARS-CoV-2_400_8_LEFT	2	8	0	1.525	0.931672275367705
SARS-CoV-2_400_8_RIGHT	2	8	0	1.525	0.931672275367705
SARS-CoV-2_400_80_LEFT	2	80	0	1.08	0.6598072507522108
SARS-CoV-2_400_80_RIGHT	2	80	0	1.08	0.6598072507522108
SARS-CoV-2_400_81_LEFT	1	81	0	1.66	0.9685889331907029
SARS-CoV-2_400_81_RIGHT	1	81	0	1.66	0.9685889331907029
SARS-CoV-2_400_82_LEFT	2	82	0	1.375	0.840032379429898
SARS-CoV-2_400_82_RIGHT	2	82	0	1.375	0.840032379429898
SARS-CoV-2_400_83_LEFT	1	83	0	2.49	1.4528833997860546
SARS-CoV-2_400_83_RIGHT	1	83	0	2.49	1.4528833997860546
SARS-CoV-2_400_84_LEFT	2	84	0	1.245	0.7606111362837986
SARS-CoV-2_400_84_LEFT_alt	2	84	1	1.5891666666666666	0.9708737864077669
SARS-CoV-2_400_84_RIGHT	2	84	0	1.245	0.7606111362837986
SARS-CoV-2_400_84_RIGHT_alt	2	84	1	1.5891666666666666	0.9708737864077669
SARS-CoV-2_400_85_LEFT	1	85	0	1.365	0.7964601769911503
SARS-CoV-2_400_85_RIGHT	1	85	0	1.365	0.7964601769911503
SARS-CoV-2_400_86_LEFT	2	86	0	1.135	0.6934085459294067
SARS-CoV-2_400_86_RIGHT	2	86	0	1.135	0.6934085459294067
SARS-CoV-2_400_87_LEFT	1	87	0	5.55	3.2383545657881934
SARS-CoV-2_400_87_LEFT_alt	1	87	1	1.6479166666666667	0.9615384615384613
SARS-CoV-2_400_87_RIGHT	1	87	0	5.55	3.2383545657881934
SARS-CoV-2_400_87_RIGHT_alt	1	87	1	1.6479166666666667	0.9615384615384613
SARS-CoV-2_400_88_LEFT	2	88	0	1.75	1.0691321192744156
SARS-CoV-2_400_88_RIGHT	2	88	0	1.75	1.0691321192744156
SARS-CoV-2_400_89_LEFT	1	89	0	2.615	1.5258193134299327
SARS-CoV-2_400_89_RIGHT	1	89	0	2.615	1.5258193134299327
SARS-CoV-2_400_9_LEFT	1	9	0	1.65	0.9627540600991926
SARS-CoV-2_400_9_RIGHT	1	9	0	1.65	0.9627540600991926
SARS-CoV-2_400_90_LEFT	2	90	0	1.635	0.9988748657220969
SARS-CoV-2_400_90_RIGHT	2	90	0	1.635	0.9988748657220969
SARS-CoV-2_400_91_LEFT	1	91	0	2.415	1.4091218515997275
SARS-CoV-2_400_91_RIGHT	1	91	0	2.415	1.4091218515997275
SARS-CoV-2_400_92_LEFT	2	92	0	1.62	0.9897108761283162
SARS-CoV-2_400_92_RIGHT	2	92	0	1.62	0.9897108761283162
SARS-CoV-2_400_93_LEFT	1	93	0	1.42	0.8285519789944567
SARS-CoV-2_400_93_RIGHT	1	93	0	1.42	0.8285519789944567
SARS-CoV-2_400_94_LEFT	2	94	0	1.39	0.8491963690236787
SARS-CoV-2_400_94_RIGHT	2	94	0	1.39	0.8491963690236787
SARS-CoV-2_400_95_LEFT	1	95	0	1.125	0.6564232227949041
SARS-CoV-2_400_95_RIGHT	1	95	0	1.125	0.6564232227949041
SARS-CoV-2_400_96_LEFT	2	96	0	1.47	0.8980709801905091
SARS-CoV-2_400_96_LEFT_alt	2	96	1	1.5891666666666666	0.9708737864077669
SARS-CoV-2_400_96_RIGHT	2	96	0	1.47	0.8980709801905091
