SARS-CoV-2_400_1_LEFT	1	1	0	1.06	0.584760372
SARS-CoV-2_400_1_LEFT_alt	1	1	1	1.647916667	0.909090909
SARS-CoV-2_400_1_RIGHT	1	1	0	1.06	0.584760372
SARS-CoV-2_400_1_RIGHT_alt	1	1	1	1.647916667	0.909090909
SARS-CoV-2_400_10_LEFT	2	10	0	1.08	0.659807251
SARS-CoV-2_400_10_RIGHT	2	10	0	1.08	0.659807251
SARS-CoV-2_400_11_LEFT	1	11	0	1.22	0.673026089
SARS-CoV-2_400_11_RIGHT	1	11	0	1.22	0.673026089
SARS-CoV-2_400_12_LEFT	2	12	0	1.4	0.855305695
SARS-CoV-2_400_12_RIGHT	2	12	0	1.4	0.855305695
SARS-CoV-2_400_13_LEFT	1	13	0	1.575	0.868865648
SARS-CoV-2_400_13_RIGHT	1	13	0	1.575	0.868865648
SARS-CoV-2_400_14_LEFT	2	14	0	3.835	2.342926673
SARS-CoV-2_400_14_RIGHT	2	14	0	3.835	2.342926673
SARS-CoV-2_400_15_LEFT	1	15	0	3.19	1.759797724
SARS-CoV-2_400_15_RIGHT	1	15	0	3.19	1.759797724
SARS-CoV-2_400_16_LEFT	2	16	0	2.815	1.71977538
SARS-CoV-2_400_16_RIGHT	2	16	0	2.815	1.71977538
SARS-CoV-2_400_17_LEFT	1	17	0	1.195	0.659234571
SARS-CoV-2_400_17_RIGHT	1	17	0	1.195	0.659234571
SARS-CoV-2_400_18_LEFT	2	18	0	1.35	0.824759063
SARS-CoV-2_400_18_RIGHT	2	18	0	1.35	0.824759063
SARS-CoV-2_400_19_LEFT	1	19	0	1.3	0.717158947
SARS-CoV-2_400_19_RIGHT	1	19	0	1.3	0.717158947
SARS-CoV-2_400_2_LEFT	2	2	0	1.42	0.867524348
SARS-CoV-2_400_2_RIGHT	2	2	0	1.42	0.867524348
SARS-CoV-2_400_20_LEFT	2	20	0	1.49	0.910289633
SARS-CoV-2_400_20_RIGHT	2	20	0	1.49	0.910289633
SARS-CoV-2_400_21_LEFT	1	21	0	1.895	1.045397081
SARS-CoV-2_400_21_RIGHT	1	21	0	1.895	1.045397081
SARS-CoV-2_400_22_LEFT	2	22	0	1.485	0.90723497
SARS-CoV-2_400_22_RIGHT	2	22	0	1.485	0.90723497
SARS-CoV-2_400_23_LEFT	1	23	0	1.885	1.039880474
SARS-CoV-2_400_23_RIGHT	1	23	0	1.885	1.039880474
SARS-CoV-2_400_24_LEFT	2	24	0	1.94	1.185209321
SARS-CoV-2_400_24_RIGHT	2	24	0	1.94	1.185209321
SARS-CoV-2_400_25_LEFT	1	25	0	1.415	0.780599931
SARS-CoV-2_400_25_RIGHT	1	25	0	1.415	0.780599931
SARS-CoV-2_400_26_LEFT	2	26	0	5.05	3.08520983
SARS-CoV-2_400_26_RIGHT	2	26	0	5.05	3.08520983
SARS-CoV-2_400_27_LEFT	1	27	0	2.715	1.497758878
SARS-CoV-2_400_27_RIGHT	1	27	0	2.715	1.497758878
SARS-CoV-2_400_28_LEFT	2	28	0	1.17	0.714791188
SARS-CoV-2_400_28_RIGHT	2	28	0	1.17	0.714791188
SARS-CoV-2_400_29_LEFT	1	29	0	1.165	0.642684749
SARS-CoV-2_400_29_RIGHT	1	29	0	1.165	0.642684749
SARS-CoV-2_400_3_LEFT	1	3	0	1.19	0.656476267
SARS-CoV-2_400_3_LEFT_alt	1	3	1	1.647916667	0.909090909
SARS-CoV-2_400_3_RIGHT	1	3	0	1.19	0.656476267
SARS-CoV-2_400_30_LEFT	2	30	0	1.105	0.675080567
SARS-CoV-2_400_30_RIGHT	2	30	0	1.105	0.675080567
SARS-CoV-2_400_31_LEFT	1	31	0	1.865	1.028847259
SARS-CoV-2_400_31_LEFT_alt	1	31	1	1.647916667	0.909090909
SARS-CoV-2_400_31_RIGHT	1	31	0	1.865	1.028847259
SARS-CoV-2_400_32_LEFT	2	32	0	1.905	1.163826678
SARS-CoV-2_400_32_RIGHT	2	32	0	1.905	1.163826678
SARS-CoV-2_400_33_LEFT	1	33	0	1	0.551660729
SARS-CoV-2_400_33_RIGHT	1	33	0	1	0.551660729
SARS-CoV-2_400_34_LEFT	2	34	0	2.41	1.472347661
SARS-CoV-2_400_34_RIGHT	2	34	0	2.41	1.472347661
SARS-CoV-2_400_35_LEFT	1	35	0	1.64	0.904723595
SARS-CoV-2_400_35_RIGHT	1	35	0	1.64	0.904723595
SARS-CoV-2_400_36_LEFT	2	36	0	1.53	0.934726939
SARS-CoV-2_400_36_RIGHT	2	36	0	1.53	0.934726939
SARS-CoV-2_400_37_LEFT	1	37	0	1.01	0.557177336
SARS-CoV-2_400_37_RIGHT	1	37	0	1.01	0.557177336
SARS-CoV-2_400_38_LEFT	2	38	0	1.085	0.662861914
SARS-CoV-2_400_38_RIGHT	2	38	0	1.085	0.662861914
SARS-CoV-2_400_39_LEFT	1	39	0	1.615	0.890932077
SARS-CoV-2_400_39_RIGHT	1	39	0	1.615	0.890932077
SARS-CoV-2_400_4_LEFT	2	4	0	1.085	0.662861914
SARS-CoV-2_400_4_RIGHT	2	4	0	1.085	0.662861914
SARS-CoV-2_400_40_LEFT	2	40	0	2.03	1.240193258
SARS-CoV-2_400_40_RIGHT	2	40	0	2.03	1.240193258
SARS-CoV-2_400_41_LEFT	1	41	0	1.025	0.565452247
SARS-CoV-2_400_41_RIGHT	1	41	0	1.025	0.565452247
SARS-CoV-2_400_42_LEFT	2	42	0	1.195	0.730064504
SARS-CoV-2_400_42_RIGHT	2	42	0	1.195	0.730064504
SARS-CoV-2_400_43_LEFT	1	43	0	1.97	1.086771635
SARS-CoV-2_400_43_RIGHT	1	43	0	1.97	1.086771635
SARS-CoV-2_400_44_LEFT	2	44	0	1.11	0.67813523
SARS-CoV-2_400_44_RIGHT	2	44	0	1.11	0.67813523
SARS-CoV-2_400_45_LEFT	1	45	0	1.405	0.775083324
SARS-CoV-2_400_45_RIGHT	1	45	0	1.405	0.775083324
SARS-CoV-2_400_46_LEFT	2	46	0	1.155	0.705627199
SARS-CoV-2_400_46_RIGHT	2	46	0	1.155	0.705627199
SARS-CoV-2_400_47_LEFT	1	47	0	1.085	0.598551891
SARS-CoV-2_400_47_RIGHT	1	47	0	1.085	0.598551891
SARS-CoV-2_400_48_LEFT	2	48	0	1.425	0.870579011
SARS-CoV-2_400_48_RIGHT	2	48	0	1.425	0.870579011
SARS-CoV-2_400_49_LEFT	1	49	0	1.265	0.697850822
SARS-CoV-2_400_49_RIGHT	1	49	0	1.265	0.697850822
SARS-CoV-2_400_5_LEFT	1	5	0	1.22	0.673026089
SARS-CoV-2_400_5_RIGHT	1	5	0	1.22	0.673026089
SARS-CoV-2_400_50_LEFT	2	50	0	1.29	0.788103105
SARS-CoV-2_400_50_RIGHT	2	50	0	1.29	0.788103105
SARS-CoV-2_400_51_LEFT	1	51	0	1.195	0.659234571
SARS-CoV-2_400_51_RIGHT	1	51	0	1.195	0.659234571
SARS-CoV-2_400_52_LEFT	2	52	0	2.175	1.328778491
SARS-CoV-2_400_52_RIGHT	2	52	0	2.175	1.328778491
SARS-CoV-2_400_53_LEFT	1	53	0	1.125	0.62061832
SARS-CoV-2_400_53_RIGHT	1	53	0	1.125	0.62061832
SARS-CoV-2_400_54_LEFT	2	54	0	1.15	0.702572536
SARS-CoV-2_400_54_LEFT_alt	2	54	1	1.589166667	0.970873786
SARS-CoV-2_400_54_RIGHT	2	54	0	1.15	0.702572536
SARS-CoV-2_400_54_RIGHT_alt	2	54	1	1.589166667	0.970873786
SARS-CoV-2_400_55_LEFT	1	55	0	1.065	0.587518676
SARS-CoV-2_400_55_LEFT_alt	1	55	1	1.647916667	0.909090909
SARS-CoV-2_400_55_RIGHT	1	55	0	1.065	0.587518676
SARS-CoV-2_400_55_RIGHT_alt	1	55	1	1.647916667	0.909090909
SARS-CoV-2_400_56_LEFT	2	56	0	1.135	0.693408546
SARS-CoV-2_400_56_RIGHT	2	56	0	1.135	0.693408546
SARS-CoV-2_400_57_LEFT	1	57	0	1.155	0.637168142
SARS-CoV-2_400_57_RIGHT	1	57	0	1.155	0.637168142
SARS-CoV-2_400_58_LEFT	2	58	0	1	0.61093264
SARS-CoV-2_400_58_RIGHT	2	58	0	1	0.61093264
SARS-CoV-2_400_59_LEFT	1	59	0	1.31	0.722675555
SARS-CoV-2_400_59_RIGHT	1	59	0	1.31	0.722675555
SARS-CoV-2_400_6_LEFT	2	6	0	1.33	0.812540411
SARS-CoV-2_400_6_LEFT_alt	2	6	1	1.589166667	0.970873786
SARS-CoV-2_400_6_RIGHT	2	6	0	1.33	0.812540411
SARS-CoV-2_400_6_RIGHT_alt	2	6	1	1.589166667	0.970873786
SARS-CoV-2_400_60_LEFT	2	60	0	1.07	0.653697924
SARS-CoV-2_400_60_RIGHT	2	60	0	1.07	0.653697924
SARS-CoV-2_400_61_LEFT	1	61	0	2.21	1.21917021
SARS-CoV-2_400_61_RIGHT	1	61	0	2.21	1.21917021
SARS-CoV-2_400_62_LEFT	2	62	0	2.82	1.722830044
SARS-CoV-2_400_62_RIGHT	2	62	0	2.82	1.722830044
SARS-CoV-2_400_63_LEFT	1	63	0	1.115	0.615101712
SARS-CoV-2_400_63_RIGHT	1	63	0	1.115	0.615101712
SARS-CoV-2_400_64_LEFT	2	64	0	1.465	0.895016317
SARS-CoV-2_400_64_RIGHT	2	64	0	1.465	0.895016317
SARS-CoV-2_400_65_LEFT	1	65	0	3.095	1.707389955
SARS-CoV-2_400_65_RIGHT	1	65	0	3.095	1.707389955
SARS-CoV-2_400_66_LEFT	2	66	0	1.16	0.708681862
SARS-CoV-2_400_66_RIGHT	2	66	0	1.16	0.708681862
SARS-CoV-2_400_67_LEFT	1	67	0	1.45	0.799908057
SARS-CoV-2_400_67_LEFT_alt	1	67	1	1.647916667	0.909090909
SARS-CoV-2_400_67_RIGHT	1	67	0	1.45	0.799908057
SARS-CoV-2_400_67_RIGHT_alt	1	67	1	1.647916667	0.909090909
SARS-CoV-2_400_68_LEFT	2	68	0	1.535	0.937781602
SARS-CoV-2_400_68_RIGHT	2	68	0	1.535	0.937781602
SARS-CoV-2_400_69_LEFT	1	69	0	1.785	0.984714401
SARS-CoV-2_400_69_RIGHT	1	69	0	1.785	0.984714401
SARS-CoV-2_400_7_LEFT	1	7	0	1.105	0.609585105
SARS-CoV-2_400_7_LEFT_alt	1	7	1	1.647916667	0.909090909
SARS-CoV-2_400_7_RIGHT	1	7	0	1.105	0.609585105
SARS-CoV-2_400_7_RIGHT_alt	1	7	1	1.647916667	0.909090909
SARS-CoV-2_400_70_LEFT	2	70	0	1.26	0.769775126
SARS-CoV-2_400_70_RIGHT	2	70	0	1.26	0.769775126
SARS-CoV-2_400_71_LEFT	1	71	0	1.905	1.050913688
SARS-CoV-2_400_71_RIGHT	1	71	0	1.905	1.050913688
SARS-CoV-2_400_72_LEFT	2	72	0	1.45	0.885852327
SARS-CoV-2_400_72_RIGHT	2	72	0	1.45	0.885852327
SARS-CoV-2_400_73_LEFT	1	73	0	1.72	0.948856453
SARS-CoV-2_400_73_RIGHT	1	73	0	1.72	0.948856453
SARS-CoV-2_400_74_LEFT	2	74	0	1.08	0.659807251
SARS-CoV-2_400_74_RIGHT	2	74	0	1.08	0.659807251
SARS-CoV-2_400_75_LEFT	1	75	0	1.09	0.601310194
SARS-CoV-2_400_75_LEFT_alt	1	75	1	1.647916667	0.909090909
SARS-CoV-2_400_75_RIGHT	1	75	0	1.09	0.601310194
SARS-CoV-2_400_75_RIGHT_alt	1	75	1	1.647916667	0.909090909
SARS-CoV-2_400_76_LEFT	2	76	0	1.415	0.864469685
SARS-CoV-2_400_76_RIGHT	2	76	0	1.415	0.864469685
SARS-CoV-2_400_77_LEFT	1	77	0	1.265	0.697850822
SARS-CoV-2_400_77_RIGHT	1	77	0	1.265	0.697850822
SARS-CoV-2_400_78_LEFT	2	78	0	1.65	1.008038855
SARS-CoV-2_400_78_RIGHT	2	78	0	1.65	1.008038855
SARS-CoV-2_400_79_LEFT	1	79	0	1.315	0.725433858
SARS-CoV-2_400_79_RIGHT	1	79	0	1.315	0.725433858
SARS-CoV-2_400_8_LEFT	2	8	0	1.525	0.931672275
SARS-CoV-2_400_8_RIGHT	2	8	0	1.525	0.931672275
SARS-CoV-2_400_80_LEFT	2	80	0	1.08	0.659807251
SARS-CoV-2_400_80_RIGHT	2	80	0	1.08	0.659807251
SARS-CoV-2_400_81_LEFT	1	81	0	1.66	0.91575681
SARS-CoV-2_400_81_RIGHT	1	81	0	1.66	0.91575681
SARS-CoV-2_400_82_LEFT	2	82	0	1.375	0.840032379
SARS-CoV-2_400_82_RIGHT	2	82	0	1.375	0.840032379
SARS-CoV-2_400_83_LEFT	1	83	0	2.49	1.373635214
SARS-CoV-2_400_83_RIGHT	1	83	0	2.49	1.373635214
SARS-CoV-2_400_84_LEFT	2	84	0	1.245	0.760611136
SARS-CoV-2_400_84_LEFT_alt	2	84	1	1.589166667	0.970873786
SARS-CoV-2_400_84_RIGHT	2	84	0	1.245	0.760611136
SARS-CoV-2_400_84_RIGHT_alt	2	84	1	1.589166667	0.970873786
SARS-CoV-2_400_85_LEFT	1	85	0	1.365	0.753016895
SARS-CoV-2_400_85_RIGHT	1	85	0	1.365	0.753016895
SARS-CoV-2_400_86_LEFT	2	86	0	1.135	0.693408546
SARS-CoV-2_400_86_RIGHT	2	86	0	1.135	0.693408546
SARS-CoV-2_400_87_LEFT	1	87	0	5.55	3.061717044
SARS-CoV-2_400_87_LEFT_alt	1	87	1	1.647916667	0.909090909
SARS-CoV-2_400_87_RIGHT	1	87	0	5.55	3.061717044
SARS-CoV-2_400_87_RIGHT_alt	1	87	1	1.647916667	0.909090909
SARS-CoV-2_400_88_LEFT	2	88	0	1.75	1.069132119
SARS-CoV-2_400_88_RIGHT	2	88	0	1.75	1.069132119
SARS-CoV-2_400_89_LEFT	1	89	0	2.615	1.442592805
SARS-CoV-2_400_89_RIGHT	1	89	0	2.615	1.442592805
SARS-CoV-2_400_9_LEFT	1	9	0	1.65	0.910240202
SARS-CoV-2_400_9_RIGHT	1	9	0	1.65	0.910240202
SARS-CoV-2_400_90_LEFT	2	90	0	1.635	0.998874866
SARS-CoV-2_400_90_RIGHT	2	90	0	1.635	0.998874866
SARS-CoV-2_400_91_LEFT	1	91	0	2.415	1.33226066
SARS-CoV-2_400_91_RIGHT	1	91	0	2.415	1.33226066
SARS-CoV-2_400_92_LEFT	2	92	0	1.62	0.989710876
SARS-CoV-2_400_92_RIGHT	2	92	0	1.62	0.989710876
SARS-CoV-2_400_93_LEFT	1	93	0	1.42	0.783358235
SARS-CoV-2_400_93_RIGHT	1	93	0	1.42	0.783358235
SARS-CoV-2_400_94_LEFT	2	94	0	1.39	0.849196369
SARS-CoV-2_400_94_RIGHT	2	94	0	1.39	0.849196369
SARS-CoV-2_400_95_LEFT	1	95	0	1.125	0.62061832
SARS-CoV-2_400_95_RIGHT	1	95	0	1.125	0.62061832
SARS-CoV-2_400_96_LEFT	2	96	0	1.47	0.89807098
SARS-CoV-2_400_96_LEFT_alt	2	96	1	1.589166667	0.970873786
SARS-CoV-2_400_96_RIGHT	2	96	0	1.47	0.89807098